77342
001
77343
002
77344
003
77345
004
77346
005
77347
006
77348
007
77349
008
77354
013
77356
015
77357
016
77358
017
77359
018
77360
019
77361
020
77362
021
77363
022
77364
023
77365
024
77366
025
77367
026
77368
027
77369
028
77370
029
77371
030
77372
031
77373
032
77374
033
77377
036
77378
037
77380
039
77381
040
77382
041
77384
043
77385
044
77388
047
77389
048
77449
056
77452
059
77457
064
77459
066
77460
067
77461
068
77468
075
77555
109
77563
117
77599
153
77602
156
77642
196
77649
203
77664
218
77671
225
77674
228
77679
233
77689
243
77694
248
77697
251
77706
260
77707
261
77708
262
77709
263
77711
265
77713
267
77714
268
77715
269
77729
283
77734
288
77736
290
77738
292
77741
295
77744
298
77745
299
77759
313
77764
318
77768
322
77769
323
77773
327
77788
342
77793
347
77799
353
77803
357
77811
365
77817
371
77852
406
77868
422
79280
426
79282
428
79283
429
79285
431
83088
440
83089
441
83093
445
83096
448
83097
449
83102
454
83104
456
77446
053
77490
097
77548
102
77552
106
77553
107
77571
125
77572
126
77614
168
77655
209
77658
212
77695
249
77724
278
77731
285
77748
302
77765
319
77776
330
77785
339
77862
416
79287
433
79288
434
83094
446
77353
012
77375
034
77379
038
77458
065
77469
076
77481
088
77482
089
77564
118
77567
121
77600
154
77601
155
77606
160
77669
223
77673
227
77675
229
77698
252
77699
253
77723
277
77742
296
77749
303
77755
309
77801
355
77821
375
77825
379
77846
400
77856
410
79286
432
83091
443
83103
455
83106
458
77386
045
77390
049
77451
058
77472
079
77473
080
77478
085
77484
091
77491
098
77492
099
77551
105
77584
138
77620
174
77643
197
77646
200
77668
222
77696
250
77702
256
77722
276
77725
279
77775
329
77777
331
77786
340
77791
345
77798
352
77804
358
77810
364
77814
368
77829
383
77841
395
77857
411
83090
442
77350
009
77351
010
77352
011
77355
014
77376
035
77383
042
77387
046
77443
050
77444
051
77445
052
77447
054
77448
055
77450
057
77453
060
77454
061
77455
062
77456
063
77462
069
77463
070
77464
071
77465
072
77466
073
77467
074
77470
077
77471
078
77474
081
77475
082
77476
083
77477
084
77479
086
77480
087
77483
090
77485
092
77486
093
77487
094
77488
095
77489
096
77546
100
77547
101
77549
103
77550
104
77554
108
77556
110
77557
111
77558
112
77559
113
77560
114
77561
115
77562
116
77565
119
77566
120
77568
122
77569
123
77570
124
77573
127
77574
128
77575
129
77576
130
77577
131
77578
132
77579
133
77580
134
77581
135
77582
136
77583
137
77585
139
77586
140
77587
141
77588
142
77589
143
77590
144
77591
145
77592
146
77593
147
77594
148
77595
149
77596
150
77597
151
77598
152
77603
157
77604
158
77605
159
77607
161
77608
162
77609
163
77610
164
77611
165
77612
166
77613
167
77615
169
77616
170
77617
171
77618
172
77619
173
77621
175
77622
176
77623
177
77624
178
77625
179
77626
180
77627
181
77628
182
77629
183
77630
184
77631
185
77632
186
77633
187
77634
188
77635
189
77636
190
77637
191
77638
192
77639
193
77640
194
77641
195
77644
198
77645
199
77647
201
77648
202
77650
204
77651
205
77652
206
77653
207
77654
208
77656
210
77657
211
77659
213
77660
214
77661
215
77662
216
77663
217
77665
219
77666
220
77667
221
77670
224
77672
226
77676
230
77677
231
77678
232
77680
234
77681
235
77682
236
77683
237
77684
238
77685
239
77686
240
77687
241
77688
242
77690
244
77691
245
77692
246
77693
247
77700
254
77701
255
77703
257
77704
258
77705
259
77710
264
77712
266
77716
270
77717
271
77718
272
77719
273
77720
274
77721
275
77726
280
77727
281
77728
282
77730
284
77732
286
77733
287
77735
289
77737
291
77739
293
77740
294
77743
297
77746
300
77747
301
77750
304
77751
305
77752
306
77753
307
77754
308
77756
310
77757
311
77758
312
77760
314
77761
315
77762
316
77763
317
77766
320
77767
321
77770
324
77771
325
77772
326
77774
328
77778
332
77779
333
77780
334
77781
335
77782
336
77783
337
77784
338
77787
341
77789
343
77790
344
77792
346
77794
348
77795
349
77796
350
77797
351
77800
354
77802
356
77805
359
77806
360
77807
361
77808
362
77809
363
77812
366
77813
367
77815
369
77816
370
77818
372
77819
373
77820
374
77822
376
77823
377
77824
378
77826
380
77827
381
77828
382
77830
384
77831
385
77832
386
77833
387
77834
388
77835
389
77836
390
77837
391
77838
392
77839
393
77840
394
77842
396
77843
397
77844
398
77845
399
77847
401
77848
402
77849
403
77850
404
77851
405
77853
407
77854
408
77855
409
77858
412
77859
413
77860
414
77861
415
77863
417
77864
418
77865
419
77866
420
77867
421
77869
423
77870
424
77871
425
79281
427
79284
430
83083
435
83084
436
83085
437
83086
438
83087
439
83092
444
83095
447
83098
450
83099
451
83100
452
83101
453
83105
457
